p cnf 729 729
-555 0
-127 0
-877 0
158 0
-464 0
-228 0
-866 0
-721 0
-939 0
-135 0
-675 0
-652 0
-353 0
-646 0
-865 0
-119 0
-692 0
-274 0
654 0
-314 0
824 0
-227 0
-829 0
162 0
-922 0
523 0
-512 0
-413 0
-139 0
-291 0
-528 0
746 0
-519 0
-187 0
-997 0
-283 0
-674 0
-872 0
-332 0
767 0
-971 0
-934 0
-911 0
-125 0
-294 0
-873 0
-546 0
-598 0
-839 0
936 0
868 0
-853 0
-382 0
-436 0
-264 0
-452 0
-157 0
-645 0
-296 0
249 0
-192 0
-564 0
-256 0
981 0
-198 0
-531 0
897 0
-217 0
-423 0
-738 0
-266 0
-237 0
-567 0
-285 0
699 0
-165 0
663 0
-438 0
-399 0
-349 0
-835 0
-643 0
-434 0
-825 0
-529 0
-982 0
-672 0
-577 0
-194 0
-736 0
-495 0
-781 0
-666 0
-955 0
-467 0
145 0
-246 0
-352 0
-369 0
-785 0
171 0
-732 0
591 0
-698 0
-694 0
335 0
-319 0
-282 0
-255 0
-741 0
-248 0
-798 0
-337 0
-679 0
277 0
-593 0
-624 0
-232 0
-384 0
-315 0
465 0
-323 0
-386 0
-814 0
-784 0
-336 0
482 0
-211 0
-186 0
-424 0
-362 0
-961 0
-316 0
-151 0
-511 0
-333 0
473 0
-762 0
885 0
-945 0
-777 0
943 0
-144 0
-521 0
-623 0
-343 0
-422 0
428 0
-855 0
-894 0
-347 0
-372 0
-311 0
-497 0
-912 0
-417 0
-279 0
-156 0
-974 0
-991 0
-563 0
-619 0
-179 0
-371 0
-267 0
-626 0
451 0
-525 0
-268 0
-615 0
-131 0
-758 0
569 0
-858 0
-414 0
-668 0
-893 0
-728 0
-492 0
366 0
-763 0
-931 0
-937 0
-744 0
755 0
-454 0
841 0
-461 0
-884 0
-288 0
-963 0
-216 0
-857 0
-687 0
-522 0
-863 0
-374 0
-419 0
-293 0
-978 0
-952 0
-743 0
-994 0
261 0
295 0
-193 0
-647 0
-513 0
-739 0
-685 0
-664 0
-189 0
-538 0
774 0
-773 0
-539 0
-287 0
-358 0
-395 0
-535 0
-471 0
-167 0
-735 0
-973 0
-396 0
-121 0
611 0
-677 0
575 0
-455 0
-462 0
-298 0
678 0
-582 0
-644 0
-478 0
-365 0
-918 0
-427 0
-726 0
-231 0
-965 0
-568 0
-631 0
-329 0
-557 0
226 0
-843 0
-864 0
-574 0
-247 0
-771 0
-526 0
-665 0
-627 0
-682 0
-481 0
-459 0
-475 0
-449 0
-317 0
-184 0
-887 0
-269 0
-265 0
-957 0
-355 0
642 0
-159 0
-782 0
-879 0
-146 0
-979 0
-967 0
-791 0
-149 0
-133 0
-245 0
-756 0
-638 0
-729 0
-223 0
-571 0
-456 0
-892 0
-948 0
-772 0
-141 0
-881 0
-324 0
-581 0
-856 0
-783 0
284 0
-745 0
-914 0
-579 0
-846 0
-258 0
-717 0
-851 0
-195 0
-655 0
-453 0
-883 0
-549 0
-485 0
-924 0
-985 0
-933 0
-476 0
-411 0
-491 0
-547 0
-394 0
-711 0
-173 0
-759 0
-817 0
-636 0
-916 0
-788 0
-648 0
-882 0
-779 0
-252 0
-734 0
-169 0
-797 0
-795 0
-683 0
-844 0
-757 0
-823 0
447 0
-474 0
-457 0
-554 0
-634 0
-199 0
-987 0
-896 0
-448 0
-178 0
-562 0
637 0
-234 0
-341 0
-534 0
-222 0
-875 0
-869 0
-182 0
-364 0
416 0
-822 0
-941 0
-166 0
-691 0
-297 0
-484 0
-752 0
-713 0
-229 0
-322 0
833 0
-617 0
-947 0
-583 0
-185 0
117 0
-932 0
212 0
-898 0
-123 0
-132 0
-832 0
-661 0
-848 0
-487 0
-566 0
-622 0
-594 0
998 0
-373 0
-921 0
-391 0
-671 0
-378 0
-498 0
-799 0
-942 0
-383 0
196 0
-656 0
-389 0
-397 0
-966 0
-143 0
-122 0
-477 0
-928 0
-635 0
-572 0
-328 0
-224 0
392 0
-837 0
-558 0
-697 0
-393 0
-437 0
-861 0
-899 0
-254 0
-426 0
793 0
-796 0
-273 0
-524 0
-786 0
-221 0
-429 0
-977 0
-235 0
-174 0
-152 0
-551 0
-878 0
-545 0
-425 0
-431 0
-842 0
-576 0
-828 0
-318 0
-445 0
532 0
-515 0
-553 0
-999 0
876 0
253 0
-657 0
-263 0
-951 0
-124 0
-816 0
-733 0
-164 0
-561 0
-953 0
-944 0
-862 0
-584 0
-813 0
625 0
-276 0
972 0
-375 0
-983 0
-469 0
-214 0
-895 0
-338 0
-489 0
-527 0
-641 0
-381 0
-188 0
-433 0
-278 0
-597 0
-354 0
-748 0
-628 0
-242 0
-271 0
-197 0
-385 0
-776 0
-834 0
-613 0
-161 0
-775 0
379 0
-612 0
-239 0
-421 0
-111 0
-286 0
-225 0
-962 0
-346 0
927 0
-632 0
-986 0
-236 0
-213 0
-693 0
-747 0
-995 0
-219 0
134 0
-859 0
-356 0
-517 0
-867 0
-929 0
-589 0
-681 0
-658 0
-142 0
-516 0
494 0
-493 0
-662 0
-155 0
-716 0
-339 0
-361 0
-541 0
-954 0
-854 0
-398 0
-614 0
-768 0
-695 0
-544 0
-275 0
-351 0
-585 0
-787 0
-667 0
-488 0
548 0
-327 0
-811 0
-458 0
-684 0
-712 0
-988 0
-342 0
-114 0
-325 0
-649 0
-992 0
-191 0
-163 0
-976 0
-724 0
-334 0
-688 0
-969 0
-113 0
-923 0
-812 0
-925 0
-874 0
-946 0
-345 0
-499 0
-181 0
-938 0
-765 0
-618 0
-112 0
-175 0
-486 0
-727 0
-218 0
-629 0
-241 0
-599 0
-412 0
-251 0
-956 0
-913 0
-761 0
-137 0
-376 0
-441 0
-831 0
514 0
-586 0
388 0
-126 0
-418 0
-115 0
-415 0
819 0
-533 0
-116 0
-659 0
-289 0
-483 0
-262 0
731 0
-742 0
-723 0
-826 0
-958 0
-259 0
-754 0
183 0
-176 0
321 0
-472 0
-651 0
-984 0
-753 0
852 0
-764 0
-536 0
-838 0
313 0
-949 0
-715 0
-818 0
-935 0
-827 0
-673 0
-792 0
-917 0
-463 0
-359 0
959 0
-363 0
-573 0
-154 0
-975 0
-633 0
-177 0
-136 0
344 0
-815 0
-479 0
-172 0
-446 0
-847 0
-749 0
129 0
789 0
-871 0
-926 0
-888 0
-993 0
-128 0
-836 0
964 0
-537 0
-244 0
238 0
-443 0
-292 0
-778 0
-496 0
-919 0
-518 0
439 0
-444 0
-766 0
-889 0
-299 0
-621 0
-989 0
-468 0
-387 0
-689 0
-543 0
-886 0
-725 0
-442 0
-737 0
587 0
-147 0
-653 0
-849 0
-368 0
-676 0
556 0
-891 0
-331 0
-595 0
-616 0
-312 0
-769 0
-168 0
-719 0
-435 0
-466 0
-257 0
-367 0
-272 0
-243 0
718 0
-968 0
-281 0
-552 0
-845 0
915 0
-751 0
-542 0
-714 0
-348 0
-148 0
-565 0
-578 0
-153 0
-696 0
-794 0
-326 0
-821 0
-588 0
722 0
-592 0
-432 0
-118 0
-377 0
-639 0
357 0
-138 0
-559 0
686 0
-996 0
-215 0
-233 0
-596 0
-669 0
Writing to a new file
